1: 440
2: 8 39 65 104 156 201 202 203 308 310 366 399 440
4: 440
5: 43 53 54 81 146 200 217 252 279 284 285 299 300 325 421 440 445
6: 39 53 366 430
7: 52
8: 2 8 9 10 53 138 201 202 203 308 310 372 399
9: 2 8 9 10 11 39 197 201 202 203 308 366 372 399 440
10: 2 8 9 39 53 201 202 203 308 310 372 399 406 440 449 457
11: 11 12 143 433
12: 11 12
13: 14 15 16 119 125 312 391
14: 16 30 301 326 428 430 440 449 457 465
15: 17 18 65 197 305 349 393 440 473
16: 13 14 473
17: 15 18 83 305 349 350 393 440
18: 11 15 17 305 349 393 406 440
19: 38 56 244 473
20: 67 133 340 451 473
21: 144 406 416 473
22: 28 35 67 73 172 214 239 244 267 288 347 353
23: 22 53 73 110 194 212 267 286 314 359 377 405 406 440 463 473 474
24: 25 440
25: 24
26: 53 62 156 163 164 165 169 182 207 217 219 253 284 326 344 359 397 406 421 449 457 460
27: 103 106 111 144 364 453 461 463 470 471 472
28: 22 141 409
29: 449
30: 53 62 156 163 164 219 326 327 344 359 421 440 449
31: 193 437
32: 163
33: 33 282
34: 252 299 300
35: 22 45 62 172 266 326 353 409 440 457
37: 315 317 374 398
38: 45 172 192 197 214 230 336 374 409 440
39: 39 53 174 321 326 366 406 430 440 449
41: 143 270 433
42: 164 440 457
43: 5 53 54 146 200 279 285 325 326 406 440
44: 138 190 219 378 440
45: 53 62 172 200 457
47: 47 237 258 321 394 395 440
48: 53 62 164 207 218 219 284 301 394 397 403
49: 16 198 219 220 305 326 344 403 449
50: 276 326 423 440
51: 166 349 434 440
52: 286 298 361 448 466
53: 5 26 43 54 62 112 126 146 156 163 164 165 172 174 178 190 200 217 218 219 253 279 285 299 321 324 325 326 344 359 395 421 424 457 460
54: 5 43 53 146 200 219 279 285 325 326
55: 45 62 89 162 164 167 172 181 194 357 409 440
57: 247 440
58: 272 440
59: 164 440 457
61: 47 62 110 237 321 367 394 395
62: 26 30 48 53 93 156 163 164 165 172 190 196 207 217 218 219 253 254 274 300 301 303 326 344 359 362 378 394 397 403 421 457 460
64: 266 406 440
65: 310 319
66: 144 440
67: 3 22 67 94 440 473
68: 68 86 103 111 115 134 161 213 233 260 329 356 364 381 453 461 463 467 469 471 472
69: 35 388
71: 47 61 237 282 321 394 423
72: 164 333 440 449
73: 53 124 172 286 389 395 440
74: 73 406 409 412 440
77: 11
78: 23 53 440
79: 79 244
81: 53 289 299 300 440 445
82: 53 144 164 193 326 395 406 437 440
83: 15 17 53 144 190 282 285 305 326 349 350 354 393 440 449
84: 85 287 309 440 444
85: 84 309
86: 68 103 111 115 134 161 213 233 329 356 364 373 453 461 463 467 468 469 470 471 472
88: 211 242 246 363 381 384 440 475
89: 164 194 405 440
90: 95 197 310 440 449
91: 84 95 125 127 164 169 176 181 275 278 312 326 440 444 457
93: 156 163 197 217 219 326 344 359 378 397 440 449 457
95: 84 90 91 125 127 169 176 181 275 278 312 408 440 444
97: 171
98: 99
99: 98 107
101: 440
103: 68 115 134 161 213 260 329 356 364 452 453 461 463 467 470 471
104: 372
105: 244 440
106: 27 103 111 115 134 233 364 373 452 453 461 462 463 467 471
107: 98 99 214 440
108: 440
109: 440
110: 190 387 394 440
111: 27 93 106 115 134 233 364 373 452 453 461 463 467 471
112: 53 163 164 221 326 331 359 362 397 403 424
113: 120 147 153 181 256 318 403
114: 440
115: 27 86 103 111 115 134 161 213 233 260 329 356 363 364 373 452 453 461 463 467 470 471 478
116: 117
117: 42 64 116 164 223 225 266 290 305 314 321 378 440
118: 406
119: 53 125 440 457
120: 440
121: 122 406 440
122: 121
124: 45 53 73 389 395 440
125: 84 91 95 125 126 127 169 176 181 275 277 278 312 313 444
126: 125 127 169 277 440
127: 62 84 91 95 125 126 169 176 181 197 275 277 278 290 312 406 408 440 444 457
128: 352
129: 173 219 440
130: 398 457
132: 131
133: 20 137 164 244 246 326 340 347 431 440 451 457 474
134: 68 103 115 134 161 194 213 260 329 356 364 453 461 463 467 471
135: 363 440 465 478
136: 110
137: 133 368 473
138: 310 430
139: 440
140: 322 422 440
141: 28 45 172 200 440
142: 142 143 270 343 433
143: 142 270 433
144: 400
145: 79 145 172 415
146: 5 43 53 54 146 163 164 200 217 218 279 285 324 325 326 403 440 449
147: 38 110 125
148: 413 446
149: 201 289 440
151: 440
152: 334 355 440
153: 110 113 256 318
154: 249 378 440
155: 271 305 345 406 440
156: 26 53 62 156 163 164 165 217 218 219 253 274 289 326 344 359 397 406 421 440 449 457 460
157: 14 440
158: 440
159: 160 440 467
160: 53 159 164 326 384 467 478
161: 27 103 115 134 213 260 329 356 364 453 461 463 467 471
162: 289
163: 3 26 53 62 93 112 156 164 165 207 217 218 219 253 284 326 344 359 397 403 406 421 440 449 457 460
164: 26 30 53 62 144 156 163 165 174 178 190 200 207 217 219 221 253 284 301 326 328 344 359 397 403 406 421 449 450 460
165: 26 53 62 156 163 164 217 219 253 303 326 344 359 421 440 460
166: 15 51 406 415 434 440
167: 38 144 285 347 409 410 457
168: 440
169: 84 91 95 125 126 127 176 181 275 277 278 312 406 408 440 444
170: 473
171: 156 193 217 344 359 440 449
172: 22 35 440
173: 129
175: 176 440
176: 84 91 95 125 127 169 175 181 275 278 312 444
178: 48 53 156 164 325 326 397 440 450
181: 84 91 95 125 127 169 176 181 275 278 312 352 444
182: 26 165 331 421 440 449
183: 184 197 288 290 440
184: 38 160 172 183 230 288 440 473
185: 53 440 449 457
187: 250 263 310 370 475
188: 270 433
189: 440
190: 53 62 144 164 217 218 221 235 253 274 285 326 344 359 403 406 424 440 443 449 457
192: 38 228 251 370 375 418
193: 326 421 437 440
194: 23 55 89 281 299 363 370 463 467 468 469 470 471 472
196: 26 219 274 275 299 440
197: 65 93 174 197 290 440 458
198: 16
199: 326 442
200: 5 26 39 43 45 53 54 62 82 141 146 164 165 193 216 217 218 221 226 253 274 275 279 285 288 301 303 325 326 327 359 378 403 406 437 442 449 457
201: 2 8 65 90 104 138 164 174 201 202 203 308 310 326 372 399 440
202: 2 8 53 104 138 201 202 203 308 310 399
203: 2 8 53 65 104 164 201 202 203 308 310 372 399 403
204: 197 204 290 299 366 378 440 449
206: 263 281 381 384
207: 53 62 163 164 217 219 275 321 326 344 359 360
210: 93 440
211: 88 206 242 380 381 382 384 385 438 473 475
212: 53 314 326 421 440
213: 103 115 134 161 260 329 356 364 453 461 463 467 469 470
214: 22 38 45 53 55 107 230 336 374 395
215: 137 164 326 406 440 449 457
216: 53 218 285
217: 5 26 53 62 93 156 163 164 165 178 218 219 221 252 253 274 299 300 301 326 344 359 397 403 406 421 440 449 457 460 473
218: 8 11 48 53 62 163 164 190 207 216 217 219 325 326 344 397 403 421 424 443 457 473
219: 26 49 53 62 93 156 163 164 165 171 207 217 218 220 253 274 326 344 359 397 403 406 421 460
220: 16 30 49 198 219 326 327 403 406 449 457
222: 321 395 440
224: 421
225: 133 171 440
226: 53 274 360 397 440 449
227: 38 167 336 473
228: 53 192 375
229: 145 172
230: 38 79 183 214 336 374 473
231: 440
232: 440
233: 68 86 103 106 111 115 161 213 356 364 373 452 453 461 463 467 471
234: 473
235: 53 190 218 326 406 440
236: 144
237: 47 61 71 321 367 394 395
238: 306 440 473
239: 172 473
240: 316 440 473
242: 206 380 381 382 384 385 447 475
243: 194 363 364 440 471
244: 53 79 105 133 164 172 244 267 337 394 397
245: 164 267
246: 53 133 190 246 365 474
247: 57 440
248: 410
249: 154
250: 187
251: 192 228 375 418 440
252: 5 34 53 217 274 289 299 300 421 440
253: 26 53 62 156 163 164 165 217 218 219 254 325 326 344 359 421 440 442 443 457 460
254: 26 53 62 156 163 164 165 217 219 220 253 326 344 359 421 442 443 457 460
255: 370
256: 113 153 256 318
257: 257 386
258: 47 259 321 394 395
259: 73 124 258 394 395 440 473
260: 27 103 106 111 115 134 161 213 260 329 356 364 452 453 461 463 467
261: 262 301
262: 93 261 440
263: 206 263 264 370 384
264: 206 263 440
265: 411
266: 38 64
267: 23 144 172 245 377 440 473
268: 53 320 326 378 436 440 441 473
269: 38 154 440 473
270: 142 143 270 409 433
271: 155 345 346 355 423 440
272: 55 58 440
273: 273
274: 26 156 163 196 217 219 226 252 275 289 299 326 344 359 360 440 449 457
275: 62 84 90 91 95 125 127 163 165 169 176 181 196 274 278 312 326 359 440 444 457
276: 50 276 423 440
277: 125 126 127 169
278: 84 91 95 125 127 169 176 181 275 312 440 444
279: 5 43 53 54 146 200 285 325
280: 473
281: 62 164
282: 15 71 305 423 440
283: 138 283
284: 26 53 163 164 207 344 359 421 440 449
285: 5 43 53 54 146 190 200 216 218 219 279 325 326 449 457
286: 431 440 466
287: 84
288: 183 184 409 473
289: 53 62 81 97 156 162 163 164 217 219 274 299 300 344 359 440
290: 174 197 440 449
291: 440
292: 392
293: 440
298: 361 448 466
299: 5 34 53 217 252 274 289 300 421
300: 5 34 53 81 217 225 252 299 421 445
301: 11 53 62 93 164 174 217 301 305 440
302: 145 274 415 431
303: 26 30 53 62 156 163 164 165 200 217 219 220 221 326 344 359 406 421 442 443 449 457 473
304: 90 93 95 194 344 421 440 457
305: 15 17 18 93 164 349 393 440
306: 238
308: 2 8 9 10 138 164 201 202 203 310 372 399 440
310: 8 65 90 138 201 202 203 372 440
312: 84 91 95 125 127 169 176 181 275 278 313 391 440 444
313: 53 62 312 391 457
314: 192 212 263 281
315: 37 317 374 398
316: 73 220 240 316 409
317: 37 38 164 239 315 374 398
318: 113 153 256
319: 93 197 268 320 378 440 441
320: 3 190 268 319 378 440 441
321: 47 61 258 321 367 394 395
324: 53 197 403 457
325: 5 26 43 48 53 54 62 146 156 164 178 190 200 218 219 221 253 279 285 299 301 303 326 344 359 397 424 427 440 442 450 457 473
326: 26 30 53 62 93 156 163 164 165 174 200 217 219 220 253 254 299 301 303 327 344 359 397 421 440 442 443 449 457 460
327: 30 53 156 163 164 200 217 219 326 344 359 421 440 457
328: 164 326 406 440
329: 27 103 106 115 134 161 213 260 274 356 364 440 453 461 463 467 469 470
331: 416 440
332: 62 219 406 440 449
333: 3 144 440 449
334: 143 152 355 371 440
336: 38 45 73 172 214 227 230 374 440
337: 133 244
340: 20 133 244 246 451
342: 381 382
343: 11 142 143 433
344: 26 53 62 93 156 163 164 165 197 207 217 218 219 253 274 284 326 359 397 403 421 443 460
345: 155 270 271 346 440
346: 155 271 345 440
347: 22 133 239 374
348: 348
349: 15 17 174 393 440
350: 15 17 83 110 285 305 349 393 440 473
351: 12
352: 125 128 331 440
353: 22 35 172
354: 53 164 317 326 449
355: 3 144 152 334 371 423 440
356: 68 103 115 134 161 213 233 260 329 356 364 453 461 463 467 468 469 470 472
357: 55 110
358: 211 380 381 382 384 385 438 447
359: 26 53 62 93 156 163 164 165 174 207 217 219 253 284 326 344 360 403 406 421 440 449 457 460
360: 62 164 226 274 359 397 406 440 449
361: 244 298 448 466
362: 62 112 164 217 218 221 326 331 397 449 457
363: 115 194 255 370 471
364: 27 68 93 103 106 111 115 134 161 213 233 243 260 329 356 364 373 381 452 453 461 463 467 469 471 472
365: 246 347
366: 6 39 174 440
367: 47 61 237 321 394 395
368: 137 440
369: 369
370: 137 255
371: 152 334 355 440
372: 8 104 138 201 310 440
373: 106 111 115 134 233 364 452 453 461 463 467 471
374: 37 38 214 230 315 317 336 398 420
375: 53 192 228 251 418
376: 125
377: 23 267 376
378: 3 93 174 319 320 440
380: 88 206 211 242 358 381 382 384 385 438 447 475
381: 57 206 211 242 263 358 380 382 383 384 385 438 457
382: 211 242 326 358 380 381 382 384 385 438
383: 381 382 384
384: 88 93 160 187 197 206 211 219 242 263 333 358 380 381 382 385 428 438 440 447 475 477
385: 26 93 211 242 289 358 380 381 382 384 438 447
386: 57 257 263 381 440
387: 110 440
388: 53 69 144 299 326 374
389: 73 124 359 394 440
391: 312
392: 292
393: 15 17 18 282 305 349 440
394: 47 71 73 258 259 321 395 433 440 442
395: 38 47 61 71 73 124 197 214 227 237 258 259 321 367 384 394 428 437 473
396: 396 409
397: 26 48 53 62 93 112 156 163 164 217 221 326 344 359 362 397 406 440 449 460
398: 37 53 130 315 317 374 409 457 458
399: 2 8 201 202 203 308 310 440
400: 144 440
402: 164 440 473
403: 48 49 53 62 93 163 164 190 217 218 219 220 274 325 326 344 359 457
404: 263 405 440
405: 89 404 405 440
406: 26 39 93 164 174 219 326 397 440 449
407: 26 95 156 408 440
408: 95 127 169 391 407 440
409: 74 172 316
410: 248 440
411: 265
412: 74 201 440
413: 148 446
415: 79 133 145 172 244 302 431 440
416: 144 331 417
417: 409 416 440
418: 192 251 375
419: 263
420: 69 214 239 315 347 374 388 398
421: 26 53 62 156 163 164 165 207 217 218 219 252 253 284 299 326 344 359 397 449 457 460
422: 140 322
423: 50 53 71 276 282 355 440 457
424: 53 112 190 218 326 406 440 443 473
427: 53 325 427
428: 381 384 473
430: 3 6 138 378
431: 145 302 406 415
432: 144 440
433: 142 143 188 270 395
434: 51 151 166 395 435 440
435: 434 440
436: 268 331 441
437: 31 53 82 164 193 326 395
438: 211 274 380 381 382 384 385 477
440: 26 39 53 62 90 93 128 144 156 163 164 165 174 193 196 210 217 218 219 220 253 274 303 305 326 344 359 360 393 397 406 421 443 449 457 458 473
441: 219 268 320 344 440
442: 26 53 62 95 156 163 164 165 199 200 217 219 221 253 254 275 303 326 359 421 443 449 457 460 473
443: 26 30 53 156 163 190 218 219 220 253 254 303 326 344 424 442 449 460
444: 84 91 95 125 127 169 176 181 275 278 312
445: 53 81 299 300 440
446: 148 413 473
447: 211 242 358 380 381 382 384 385 438
449: 26 39 165 182 274 397 406 440 449 457
450: 53 164 178 197 406 421
451: 20 133 215 246 340 347 365 381 473
452: 86 103 106 111 115 213 233 329 363 364 373 453 461 463 467 469 470 471 472
453: 103 106 111 115 134 161 213 233 260 329 356 364 373 452 461 463 467 468 469 470 471 472
454: 181 411 439
455: 456
456: 455
457: 26 62 156 164 190 219 326 344 421 440 449 457
458: 26 144 164 247 370 473
460: 26 53 62 156 163 164 165 217 219 253 326 344 359 397 421 443 449 457
461: 27 103 106 111 115 134 161 213 233 260 329 356 364 373 452 453 463 467 469 471 472
462: 463 464
463: 27 103 106 111 115 134 161 194 213 233 243 260 305 329 356 364 373 452 453 461 464 467 470 471
464: 462 463 471
465: 14 406 440 478
466: 7 52 155 286 298 361 448
467: 68 103 106 111 115 134 161 196 213 233 260 274 329 356 364 373 440 452 453 461 463 469 470 471 472
468: 27 68 86 103 111 115 134 161 194 213 233 326 329 356 364 373 380 449 461 463 467 469 470 471 472
469: 27 68 86 103 111 115 134 161 194 213 233 329 356 364 373 461 463 467 468 470 471 472
470: 68 86 103 111 115 134 161 194 213 233 243 329 356 363 364 373 449 453 461 463 467 468 469 471 472
471: 27 68 86 103 106 111 115 134 161 194 213 233 243 329 356 363 364 373 452 453 461 463 467 468 469 470 472
472: 27 68 86 103 111 115 134 161 194 213 233 326 329 356 364 373 453 457 461 463 467 468 469 470 471
473: 53 144 170 191
474: 23 133 137 246 440
475: 187 206 242 380 381 384 440
476: 181 219 440
477: 381 384 438 440
478: 135 144 440 465 473
